dataset	nway	kshot	kquery	n_problems	classifier_type	hidden_size	num_epochs	fsl	acc	acc_ci95	recall	recall_ci95	train_time	train_time_ci95	test_time	test_time_ci95
dude	2	1	15	10	HD	8192	0	True	50.333333333333336	8.131310130873404	0.38	0.14200046322303161	1.1515617370605468e-05	6.692045420685962e-06	0.00281217098236084	0.0009289910189340481
dude	2	1	15	10	HD-Sparse	8192	0	True	53.33333333333333	2.444549492692308	0.31333333333333335	0.171417535729445	1.1777877807617187e-05	5.98917997474245e-06	0.0027518510818481446	0.000519589654383889
dude	2	1	15	10	L1	0	0	True	48.666666666666664	6.480855910551733	0.24000000000000005	0.04601248139846887	7.452964782714844e-05	2.5907431706742902e-05	0.0022909164428710936	0.00019562533597557993
dude	2	1	15	10	L2	0	0	True	53.33333333333333	3.695811443001688	0.32	0.1661060651779124	6.003379821777344e-05	2.876688602114364e-06	0.002165341377258301	2.5962771174423693e-05
dude	2	1	15	10	cosine	0	0	True	58.666666666666664	4.048558591235486	0.2733333333333333	0.10363110644117536	5.896091461181641e-05	1.6588177450110258e-06	0.0023262500762939453	3.624420096958249e-05
dude	2	1	15	10	MLP	512	5	True	51.33333333333333	3.481721158022598	0.33333333333333337	0.2486102885150885	0.010901641845703126	0.0009579210386355209	0.0019091367721557617	2.2979233611273705e-05
dude	2	1	15	10	Uniform	0	0	True	0.43	0.06431269444415048	0.42000000000000004	0.10940163720083088			0.0013492584228515625	8.766027192648263e-05
dude	2	2	15	10	HD	8192	0	True	41.99999999999999	7.517592995397158	0.1733333333333333	0.09458678319699615	7.677078247070313e-06	1.843084021238641e-06	0.0022687196731567385	7.60006065830711e-05
dude	2	2	15	10	HD-Sparse	8192	0	True	50.66666666666667	4.601248139846888	0.2333333333333333	0.094676994741771	6.151199340820313e-06	2.865431885227351e-07	0.002261233329772949	0.00018964482226855375
dude	2	2	15	10	L1	0	0	True	53.333333333333336	5.466178840022628	0.33333333333333337	0.11240371682269032	6.628036499023438e-05	1.1470868890926308e-05	0.0022258996963500977	0.0001771809865798365
dude	2	2	15	10	L2	0	0	True	55.666666666666664	3.7015816439282645	0.48666666666666664	0.14319779017537634	6.036758422851562e-05	5.08855607477781e-06	0.0021141767501831055	2.36515185203867e-05
dude	2	2	15	10	cosine	0	0	True	56.333333333333336	6.562667479344388	0.2733333333333333	0.08558417299166166	6.098747253417969e-05	4.598008126911931e-06	0.0022706508636474608	2.6823190363041737e-05
dude	2	2	15	10	MLP	512	5	True	46.0	4.313979343689277	0.44000000000000006	0.23021078650276625	0.01089010238647461	0.0003674351885154396	0.0018788814544677735	5.877778106960372e-05
dude	2	2	15	10	Uniform	0	0	True	0.48999999999999994	0.0750907125489638	0.48	0.06864665080443957			0.001247549057006836	3.838253252745633e-05
dude	2	4	15	10	HD	8192	0	True	50.666666666666664	6.777054096155808	0.2066666666666667	0.087556417367445	7.033348083496094e-06	7.33676533639213e-07	0.0021921396255493164	2.8625211552004702e-05
dude	2	4	15	10	HD-Sparse	8192	0	True	50.66666666666667	6.585392589326437	0.21333333333333332	0.0757415957934168	7.200241088867187e-06	1.4848098423821098e-06	0.002173447608947754	0.00014836409843306883
dude	2	4	15	10	L1	0	0	True	50.666666666666664	4.111330684826993	0.24000000000000005	0.05291596692450734	6.3323974609375e-05	1.218896499017929e-05	0.002203059196472168	8.095609955099556e-05
dude	2	4	15	10	L2	0	0	True	52.0	6.280161356738111	0.3666666666666667	0.12152702488655673	5.888938903808594e-05	2.8123566156128802e-06	0.0021041154861450194	1.764466592313685e-05
dude	2	4	15	10	cosine	0	0	True	46.33333333333333	6.817870635323025	0.1733333333333333	0.090904941804307	5.888938903808594e-05	2.8332436110305094e-06	0.002287888526916504	1.3228225716945842e-05
dude	2	4	15	10	MLP	512	5	True	50.0	5.060698239044357	0.49333333333333335	0.2346185405196178	0.010807132720947266	0.00023281993017498082	0.001851034164428711	9.481892759596988e-06
dude	2	4	15	10	Uniform	0	0	True	0.4933333333333333	0.04411814441549719	0.5466666666666667	0.057848599330013524			0.0012546062469482421	3.719369618618753e-05
dude	2	8	15	10	HD	8192	0	True	51.0	6.6659212916645405	0.24666666666666667	0.07168826341257759	6.67572021484375e-06	1.8692016601562498e-07	0.0022010087966918947	3.86967661799329e-05
dude	2	8	15	10	HD-Sparse	8192	0	True	51.333333333333336	6.14272324697189	0.29333333333333333	0.1142119355506342	9.22679901123047e-06	4.105893021405258e-06	0.002217745780944824	0.00016180609308539095
dude	2	8	15	10	L1	0	0	True	56.0	4.69309847897243	0.37333333333333335	0.07437677056716027	6.127357482910156e-05	6.02835647547481e-06	0.0021459102630615235	2.5657065348210708e-05
dude	2	8	15	10	L2	0	0	True	51.333333333333336	4.152651629447811	0.2866666666666667	0.04545247090215349	5.905628204345703e-05	4.960014746087476e-06	0.0021218061447143555	9.781045329334021e-06
dude	2	8	15	10	cosine	0	0	True	50.33333333333333	5.18155532205877	0.31333333333333335	0.11247963963906235	5.996227264404297e-05	4.428888835473234e-06	0.0023024797439575194	1.7078925590200674e-05
dude	2	8	15	10	MLP	512	5	True	54.0	6.713774894448975	0.6466666666666667	0.20077646608438285	0.010543918609619141	0.00045644900465566983	0.001998138427734375	0.00013831697284368144
dude	2	8	15	10	Uniform	0	0	True	0.4633333333333334	0.04840842901809559	0.44666666666666666	0.0806542579987773			0.0012711524963378907	3.553144141833816e-05
dude	2	16	15	10	HD	8192	0	True	50.66666666666667	5.901737597239193	0.2066666666666667	0.0702447277578736	8.440017700195312e-06	3.2457705926943124e-06	0.002520465850830078	0.0002032729862955374
dude	2	16	15	10	HD-Sparse	8192	0	True	51.666666666666664	4.455139354348714	0.23333333333333334	0.05916184956916445	6.580352783203125e-06	3.6913775072038397e-07	0.002142524719238281	3.2236630308027906e-05
dude	2	16	15	10	L1	0	0	True	59.333333333333336	2.892429966500677	0.3	0.07674928881320876	6.475448608398438e-05	4.6181009324184e-06	0.0019999980926513673	2.997069746493734e-05
dude	2	16	15	10	L2	0	0	True	56.999999999999986	4.1782697109901585	0.34	0.08558417299166166	6.573200225830078e-05	4.258873538354136e-06	0.0019773244857788086	9.040361026951671e-06
dude	2	16	15	10	cosine	0	0	True	55.666666666666664	5.847242084949108	0.3266666666666667	0.02892429966500678	6.184577941894531e-05	1.01135729159549e-06	0.002158665657043457	4.233352067414762e-05
dude	2	16	15	10	MLP	512	5	True	51.66666666666667	6.484148192151208	0.6066666666666667	0.2251489423075805	0.010493087768554687	0.00029516182642097934	0.001839590072631836	1.3447993395333473e-05
dude	2	16	15	10	Uniform	0	0	True	0.55	0.02810092920567257	0.5733333333333334	0.06184275399933463			0.001318073272705078	1.6069726810715448e-05
dude	2	32	15	10	HD	8192	0	True	54.333333333333336	2.779547525127866	0.22000000000000003	0.049065289835755234	6.604194641113281e-06	2.387351794997388e-07	0.0021784305572509766	1.793630241334684e-05
dude	2	32	15	10	HD-Sparse	8192	0	True	50.333333333333336	4.568664283281639	0.2066666666666667	0.056806196845062606	6.532669067382812e-06	2.740787645844054e-07	0.00210878849029541	1.416397502150658e-05
dude	2	32	15	10	L1	0	0	True	51.666666666666664	5.934194694031084	0.2733333333333333	0.1100241266470425	6.961822509765625e-05	1.3135215358165119e-05	0.0021405935287475584	0.00018892620067411333
dude	2	32	15	10	L2	0	0	True	55.66666666666667	4.531138684456456	0.3266666666666667	0.10846120453364368	6.351470947265624e-05	2.310374083667405e-06	0.0019813299179077147	9.858167163340827e-06
dude	2	32	15	10	cosine	0	0	True	48.333333333333336	3.8374644406604386	0.30000000000000004	0.06975691124660456	6.213188171386719e-05	7.655744349650172e-07	0.0021542787551879885	2.4580983497685088e-05
dude	2	32	15	10	MLP	512	5	True	50.33333333333333	4.928229792622184	0.38	0.2091074960131484	0.010340714454650879	0.0003131948861951417	0.0018355369567871094	1.1457878375692914e-05
dude	2	32	15	10	Uniform	0	0	True	0.5166666666666666	0.06215257212877212	0.5066666666666666	0.0998553264589437			0.0013127326965332031	9.210679663438072e-06
dude	2	64	15	10	HD	8192	0	True	52.666666666666664	3.3056342474293463	0.26	0.043139793436892775	6.961822509765625e-06	5.153033362216344e-07	0.002176928520202637	1.774573556838482e-05
dude	2	64	15	10	HD-Sparse	8192	0	True	53.666666666666664	3.3885270480779037	0.2533333333333333	0.05160919814658364	8.463859558105469e-06	3.4777010524558085e-06	0.002220416069030762	0.00017027147834670962
dude	2	64	15	10	L1	0	0	True	58.0	4.638206549950098	0.45999999999999996	0.07719293001593115	6.67572021484375e-05	5.089500092542053e-06	0.0020412206649780273	8.713433080685189e-05
dude	2	64	15	10	L2	0	0	True	49.0	5.919791287612165	0.31333333333333335	0.0614272324697189	6.701946258544922e-05	8.492135641602203e-06	0.0019739389419555662	8.923859731342403e-06
dude	2	64	15	10	cosine	0	0	True	54.333333333333336	4.715781542390992	0.33333333333333337	0.041320428092866825	6.420612335205078e-05	2.419199400066501e-06	0.0023696422576904297	0.00042933807941302485
dude	2	64	15	10	MLP	512	5	True	51.66666666666667	1.904777618982799	0.2733333333333333	0.21347110551287468	0.010384535789489746	0.0002276524507088971	0.002456998825073242	0.0004230571038253935
dude	2	64	15	10	Uniform	0	0	True	0.4833333333333333	0.04910876816935149	0.4333333333333333	0.07674928881320876			0.0015094757080078125	2.5760318435364002e-05
dude	2	-1	15	10	HD	8192	0	False	49.666666666666664	3.2601267869005746	0.14666666666666667	0.01652817123714673	6.67572021484375e-06	2.4727213715012535e-07	0.0025509119033813475	2.4500810764498926e-05
dude	2	-1	15	10	HD-Sparse	8192	0	False	52.0	1.0121396478088722	0.33333333333333337	3.440616799205167e-17	8.630752563476563e-06	3.7910709199884507e-06	0.0026015758514404295	0.00017820427406035677
dude	2	-1	15	10	L1	0	0	False	43.33333333333333	4.403989502982614e-15	0.8	0.0	3.786087036132813e-05	1.2671133173117002e-05	0.0222947359085083	0.0009683811432851632
dude	2	-1	15	10	L2	0	0	False	43.33333333333333	4.403989502982614e-15	0.8666666666666668	6.881233598410334e-17	3.790855407714844e-05	6.858658470305063e-06	0.02188730239868164	6.962148906947057e-05
dude	2	-1	15	10	cosine	0	0	False	43.33333333333333	4.403989502982614e-15	0.8666666666666668	6.881233598410334e-17	3.798007965087891e-05	6.506409465022504e-06	0.002775239944458008	7.603653541875321e-05
dude	2	-1	15	10	MLP	512	5	False	50.0	0.0	1.0	0.0	0.046866106986999514	0.00016377694987725606	0.004768085479736328	7.686146657747207e-05
dude	2	-1	15	10	Uniform	0	0	False	0.5199999999999999	0.04992766322947185	0.5266666666666666	0.053716556520726856			0.0009710311889648438	4.398122673455263e-05
